1 4.52996
2 7.9092
3 10.3988
4 12.0187
5 12.9621
6 13.4773
7 13.7265
8 13.7842
9 13.7548
10 13.6819
11 13.5984
12 13.5067
13 13.4138
14 13.3161
15 13.2241
16 13.1367
17 13.0487
18 12.9713
19 12.8956
20 12.8213
21 12.7532
22 12.6829
23 12.6216
24 12.5614
25 12.5031
26 12.4467
27 12.3906
28 12.3401
29 12.2897
30 12.2396
31 12.1932
32 12.1471
33 12.1024
34 12.06
35 12.0168
36 11.9771
37 11.9381
38 11.8992
39 11.8622
40 11.8258
41 11.7899
42 11.7553
43 11.7211
44 11.6883
45 11.6555
46 11.6239
47 11.5929
48 11.5627
49 11.5328
50 11.5038
51 11.4752
52 11.4471
53 11.4194
54 11.3923
55 11.3656
56 11.3399
57 11.3146
58 11.2894
59 11.265
60 11.2408
61 11.2167
62 11.1929
63 11.1699
64 11.1472
65 11.1248
66 11.1033
67 11.0815
68 11.06
69 11.0389
70 11.0172
71 10.9979
72 10.9773
73 10.9578
74 10.9381
75 10.9189
76 10.8994
77 10.8803
78 10.8619
79 10.8439
80 10.8258
81 10.8074
82 10.7895
83 10.7723
84 10.7549
85 10.7381
86 10.7211
87 10.7048
88 10.6883
89 10.6715
90 10.6555
91 10.6393
92 10.6239
93 10.6083
94 10.5925
95 10.5774
96 10.5622
97 10.5456
98 10.5324
99 10.5177
100 10.5038
101 10.4888
102 10.4747
103 10.4605
104 10.4471
105 10.4325
106 10.4189
107 10.4062
108 10.3923
109 10.3794
110 10.3663
111 10.3531
112 10.3399
113 10.3249
114 10.314
115 10.3015
116 10.2889
117 10.2773
118 10.2644
119 10.2527
120 10.2408
121 10.2288
122 10.2167
123 10.2046
124 10.1923
125 10.1812
126 10.1699
127 10.1586
