1 1
2 2
3 2
4 3
5 3
6 3
7 3
8 4
9 4
10 4
11 4
12 4
13 4
14 4
15 5
16 5
17 5
18 5
19 5
20 5
21 5
22 5
23 5
24 6
25 6
26 6
27 6
28 6
29 6
30 6
31 6
32 6
33 6
34 6
35 6
36 6
37 6
38 6
39 6
40 6
41 6
42 7
43 7
44 7
45 7
46 7
47 7
48 7
49 7
50 7
51 7
52 7
53 7
54 7
55 7
56 7
57 7
58 7
59 7
60 7
61 7
62 7
63 7
64 7
65 7
66 7
67 8
68 8
69 8
70 8
71 8
72 8
73 8
74 8
75 8
76 8
77 8
78 8
79 8
80 8
81 8
82 8
83 8
84 8
85 8
86 8
87 8
88 8
89 8
90 8
91 8
92 8
93 8
94 8
95 8
96 8
97 8
98 8
99 8
100 8
101 8
102 8
103 8
104 8
105 8
106 8
107 8
108 8
109 8
110 8
111 8
112 8
113 8
114 8
115 8
116 8
117 8
118 8
119 8
120 8
121 8
122 8
123 8
124 8
125 9
126 9
127 9
128 9
129 9
130 9
131 9
132 9
133 9
134 9
135 9
136 9
137 9
138 9
139 9
140 9
141 9
142 9
143 9
144 9
145 9
146 9
147 9
148 9
149 9
150 9
151 9
152 9
153 9
154 9
155 9
156 9
157 9
158 9
159 9
160 9
161 9
162 9
163 9
164 9
165 9
166 9
167 9
168 9
169 9
170 9
171 9
172 9
173 9
174 9
175 9
176 9
177 9
178 9
179 9
180 9
181 9
182 9
183 9
184 9
185 9
186 9
187 9
188 9
189 9
190 9
191 9
192 9
193 9
194 9
195 9
196 9
197 9
198 9
199 9
200 9
201 9
202 9
203 9
204 9
205 9
206 9
207 9
208 9
209 9
210 9
211 9
212 9
213 9
214 9
215 9
216 9
217 9
218 9
219 9
220 9
221 9
222 9
223 9
224 9
225 9
226 9
227 9
228 9
229 9
230 9
231 9
232 9
233 9
234 9
235 9
236 9
237 9
238 9
239 9
240 9
241 9
242 9
243 9
244 9
245 9
246 9
247 9
248 9
249 9
250 9
251 9
252 9
253 9
254 9
255 9
256 9
257 9
258 9
259 9
260 9
261 9
262 9
263 9
264 9
265 9
266 9
267 9
268 9
269 9
270 9
271 9
272 10
273 10
274 10
275 10
276 10
277 10
278 10
279 10
280 10
281 10
282 10
283 10
284 10
285 10
286 10
287 10
288 10
289 10
290 10
291 10
292 10
293 10
294 10
295 10
296 10
297 10
298 10
299 10
300 10
301 10
302 10
303 10
304 10
305 10
306 10
307 10
308 10
309 10
310 10
311 10
312 10
313 10
314 10
315 10
316 10
317 10
318 10
319 10
320 10
321 10
322 10
323 10
324 10
325 10
326 10
327 10
328 10
329 10
330 10
331 10
332 10
333 10
334 10
335 10
336 10
337 10
338 10
339 10
340 10
341 10
342 10
343 10
344 10
345 10
346 10
347 10
348 10
349 10
350 10
351 10
352 10
353 10
354 10
355 10
356 10
357 10
358 10
359 10
360 10
361 10
362 10
363 10
364 10
365 10
366 10
367 10
368 10
369 10
370 10
371 10
372 10
373 10
374 10
375 10
376 10
377 10
378 10
379 10
380 10
381 10
382 10
383 10
384 10
385 10
386 10
387 10
388 10
389 10
390 10
391 10
392 10
393 10
394 10
395 10
396 10
397 10
398 10
399 10
400 10
401 10
402 10
403 10
404 10
405 10
406 10
407 10
408 10
409 10
410 10
411 10
412 10
413 10
414 10
415 10
416 10
417 10
418 10
419 10
420 10
421 10
422 10
423 10
424 10
425 10
426 10
427 10
428 10
429 10
430 10
431 10
432 10
433 10
434 10
435 10
436 10
437 10
438 10
439 10
440 10
441 10
442 10
443 10
444 10
445 10
446 10
447 10
448 10
449 10
450 10
451 10
452 10
453 10
454 10
455 10
456 10
457 10
458 10
459 10
460 10
461 10
462 10
463 10
464 10
465 10
466 10
467 10
468 10
469 10
470 10
471 10
472 10
473 10
474 10
475 10
476 10
477 10
478 10
479 10
480 10
481 10
482 10
483 10
484 10
485 10
486 10
487 10
488 10
489 10
490 10
491 10
492 10
493 10
494 10
495 10
496 10
497 10
498 11
499 11
500 11
501 11
502 11
503 11
504 11
505 11
506 11
507 11
508 11
509 11
510 11
511 11
512 11
513 11
514 11
515 11
516 11
517 11
518 11
519 11
520 11
521 11
522 11
523 11
524 11
525 11
526 11
527 11
528 11
529 11
530 11
531 11
532 11
533 11
534 11
535 11
536 11
537 11
538 11
539 11
540 11
541 11
542 11
543 11
544 11
545 11
546 11
547 11
548 11
549 11
550 11
551 11
552 11
553 11
554 11
555 11
556 11
557 11
558 11
559 11
560 11
561 11
562 11
563 11
564 11
565 11
566 11
567 11
568 11
569 11
570 11
571 11
572 11
573 11
574 11
575 11
576 11
577 11
578 11
579 11
580 11
581 11
582 11
583 11
584 11
585 11
586 11
587 11
588 11
589 11
590 11
591 11
592 11
593 11
594 11
595 11
596 11
597 11
598 11
599 11
600 11
601 11
602 11
603 11
604 11
605 11
606 11
607 11
608 11
609 11
610 11
611 11
612 11
613 11
614 11
615 11
616 11
617 11
618 11
619 11
620 11
621 11
622 11
623 11
624 11
625 11
626 11
627 11
628 11
629 11
630 11
631 11
632 11
633 11
634 11
635 11
636 11
637 11
638 11
639 11
640 11
641 11
642 11
643 11
644 11
645 11
646 11
647 11
648 11
649 11
650 11
651 11
652 11
653 11
654 11
655 11
656 11
657 11
658 11
659 11
660 11
661 11
662 11
663 11
664 11
665 11
666 11
667 11
668 11
669 11
670 11
671 11
672 11
673 11
674 11
675 11
676 11
677 11
678 11
679 11
680 11
681 11
682 11
683 11
684 11
685 11
686 11
687 11
688 11
689 11
690 11
691 11
692 11
693 11
694 11
695 11
696 11
697 11
698 11
699 11
700 11
701 11
702 11
703 11
704 11
705 11
706 11
707 11
708 11
709 11
710 11
711 11
712 11
713 11
714 11
715 11
716 11
717 11
718 11
719 11
720 11
721 11
722 11
723 11
724 11
725 11
726 11
727 11
728 11
729 11
730 11
731 11
732 11
733 11
734 11
735 11
736 11
737 11
738 11
739 11
740 11
741 11
742 11
743 11
744 11
745 11
746 11
747 11
748 11
749 11
750 11
751 11
752 11
753 11
754 11
755 11
756 11
757 11
758 11
759 11
760 11
761 11
762 11
763 11
764 11
765 11
766 11
767 11
768 11
769 11
770 11
771 11
772 11
773 11
774 11
775 11
776 11
777 11
778 11
779 11
780 11
781 11
782 11
783 11
784 11
785 11
786 11
787 11
788 11
789 11
790 11
791 11
792 11
793 11
794 11
795 11
796 11
797 11
798 11
799 11
800 11
801 11
802 11
803 11
804 11
805 11
806 11
807 11
808 11
809 11
810 11
811 11
812 11
813 11
814 11
815 11
816 11
817 11
818 11
819 11
820 11
821 11
822 11
823 11
824 11
825 11
826 11
827 11
828 11
829 11
830 11
831 11
832 11
833 11
834 11
835 11
836 11
837 11
838 11
839 11
840 11
841 11
842 12
843 12
844 12
845 12
846 12
847 12
848 12
849 12
850 12
851 12
852 12
853 12
854 12
855 12
856 12
857 12
858 12
859 12
860 12
861 12
862 12
863 12
864 12
865 12
866 12
867 12
868 12
869 12
870 12
871 12
872 12
873 12
874 12
875 12
876 12
877 12
878 12
879 12
880 12
881 12
882 12
883 12
884 12
885 12
886 12
887 12
888 12
889 12
890 12
891 12
892 12
893 12
894 12
895 12
896 12
897 12
898 12
899 12
900 12
901 12
902 12
903 12
904 12
905 12
906 12
907 12
908 12
909 12
910 12
911 12
912 12
913 12
914 12
915 12
916 12
917 12
918 12
919 12
920 12
921 12
922 12
923 12
924 12
925 12
926 12
927 12
928 12
929 12
930 12
931 12
932 12
933 12
934 12
935 12
936 12
937 12
938 12
939 12
940 12
941 12
942 12
943 12
944 12
945 12
946 12
947 12
948 12
949 12
950 12
951 12
952 12
953 12
954 12
955 12
956 12
957 12
958 12
959 12
960 12
961 12
962 12
963 12
964 12
965 12
966 12
967 12
968 12
969 12
970 12
971 12
972 12
973 12
974 12
975 12
976 12
977 12
978 12
979 12
980 12
981 12
982 12
983 12
984 12
985 12
986 12
987 12
988 12
989 12
990 12
991 12
992 12
993 12
994 12
995 12
996 12
997 12
998 12
999 12
1000 12
1001 12
1002 12
1003 12
1004 12
1005 12
1006 12
1007 12
1008 12
1009 12
1010 12
1011 12
1012 12
1013 12
1014 12
1015 12
1016 12
1017 12
1018 12
1019 12
1020 12
1021 12
1022 12
1023 12
1024 12
1025 12
1026 12
1027 12
1028 12
1029 12
1030 12
1031 12
1032 12
1033 12
1034 12
1035 12
1036 12
1037 12
1038 12
1039 12
1040 12
1041 12
1042 12
1043 12
1044 12
1045 12
1046 12
1047 12
1048 12
1049 12
1050 12
1051 12
1052 12
1053 12
1054 12
1055 12
1056 12
1057 12
1058 12
1059 12
1060 12
1061 12
1062 12
1063 12
1064 12
1065 12
1066 12
1067 12
1068 12
1069 12
1070 12
1071 12
1072 12
1073 12
1074 12
1075 12
1076 12
1077 12
1078 12
1079 12
1080 12
1081 12
1082 12
1083 12
1084 12
1085 12
1086 12
1087 12
1088 12
1089 12
1090 12
1091 12
1092 12
1093 12
1094 12
1095 12
1096 12
1097 12
1098 12
1099 12
1100 12
1101 12
1102 12
1103 12
1104 12
1105 12
1106 12
1107 12
1108 12
1109 12
1110 12
1111 12
1112 12
1113 12
1114 12
1115 12
1116 12
1117 12
1118 12
1119 12
1120 12
1121 12
1122 12
1123 12
1124 12
1125 12
1126 12
1127 12
1128 12
1129 12
1130 12
1131 12
1132 12
1133 12
1134 12
1135 12
1136 12
1137 12
1138 12
1139 12
1140 12
1141 12
1142 12
1143 12
1144 12
1145 12
1146 12
1147 12
1148 12
1149 12
1150 12
1151 12
1152 12
1153 12
1154 12
1155 12
1156 12
1157 12
1158 12
1159 12
1160 12
1161 12
1162 12
1163 12
1164 12
1165 12
1166 12
1167 12
1168 12
1169 12
1170 12
1171 12
1172 12
1173 12
1174 12
1175 12
1176 12
1177 12
1178 12
1179 12
1180 12
1181 12
1182 12
1183 12
1184 12
1185 12
1186 12
1187 12
1188 12
1189 12
1190 12
1191 12
1192 12
1193 12
1194 12
1195 12
1196 12
1197 12
1198 12
1199 12
1200 12
1201 12
1202 12
1203 12
1204 12
1205 12
1206 12
1207 12
1208 12
1209 12
1210 12
1211 12
1212 12
1213 12
1214 12
1215 12
1216 12
1217 12
1218 12
1219 12
1220 12
1221 12
1222 12
1223 12
1224 12
1225 12
1226 12
1227 12
1228 12
1229 12
1230 12
1231 12
1232 12
1233 12
1234 12
1235 12
1236 12
1237 12
1238 12
1239 12
1240 12
1241 12
1242 12
1243 12
1244 12
1245 12
1246 13
1247 13
1248 13
1249 13
1250 13
1251 13
1252 13
1253 13
1254 13
1255 13
1256 13
1257 13
1258 13
1259 13
1260 13
1261 13
1262 13
1263 13
1264 13
1265 13
1266 13
1267 13
1268 13
1269 13
1270 13
1271 13
1272 13
1273 13
1274 13
1275 13
1276 13
1277 13
1278 13
1279 13
1280 13
1281 13
1282 13
1283 13
1284 13
1285 13
1286 13
1287 13
1288 13
1289 13
1290 13
1291 13
1292 13
1293 13
1294 13
1295 13
1296 13
1297 13
1298 13
1299 13
1300 13
1301 13
1302 13
1303 13
1304 13
1305 13
1306 13
1307 13
1308 13
1309 13
1310 13
1311 13
1312 13
1313 13
1314 13
1315 13
1316 13
1317 13
1318 13
1319 13
1320 13
1321 13
1322 13
1323 13
1324 13
1325 13
1326 13
1327 13
1328 13
1329 13
1330 13
1331 13
1332 13
1333 13
1334 13
1335 13
1336 13
1337 13
1338 13
1339 13
1340 13
1341 13
1342 13
1343 13
1344 13
1345 13
1346 13
1347 13
1348 13
1349 13
1350 13
1351 13
1352 13
1353 13
1354 13
1355 13
1356 13
1357 13
1358 13
1359 13
1360 13
1361 13
1362 13
1363 13
1364 13
1365 13
1366 13
1367 13
1368 13
1369 13
1370 13
1371 13
1372 13
1373 13
1374 13
1375 13
1376 13
1377 13
1378 13
1379 13
1380 13
1381 13
1382 13
1383 13
1384 13
1385 13
1386 13
1387 13
1388 13
1389 13
1390 13
1391 13
1392 13
1393 13
1394 13
1395 13
1396 13
1397 13
1398 13
1399 13
1400 13
1401 13
1402 13
1403 13
1404 13
1405 13
1406 13
1407 13
1408 13
1409 13
1410 13
1411 13
1412 13
1413 13
1414 13
1415 13
1416 13
1417 13
1418 13
1419 13
1420 13
1421 13
1422 13
1423 13
1424 13
1425 13
1426 13
1427 13
1428 13
1429 13
1430 13
1431 13
1432 13
1433 13
1434 13
1435 13
1436 13
1437 13
1438 13
1439 13
1440 13
1441 13
1442 13
1443 13
1444 13
1445 13
1446 13
1447 13
1448 13
1449 13
1450 13
1451 13
1452 13
1453 13
1454 13
1455 13
1456 13
1457 13
1458 13
1459 13
1460 13
1461 13
1462 13
1463 13
1464 13
1465 13
1466 13
1467 13
1468 13
1469 13
1470 13
1471 13
1472 13
1473 13
1474 13
1475 13
1476 13
1477 13
1478 13
1479 13
1480 13
1481 13
1482 13
1483 13
1484 13
1485 13
1486 13
1487 13
1488 13
1489 13
1490 13
1491 13
1492 13
1493 13
1494 13
1495 13
1496 13
1497 13
1498 13
1499 13
1500 13
1501 13
1502 13
1503 13
1504 13
1505 13
1506 13
1507 13
1508 13
1509 13
1510 13
1511 13
1512 13
1513 13
1514 13
1515 13
1516 13
1517 13
1518 13
1519 13
1520 13
1521 13
1522 13
1523 13
1524 13
1525 13
1526 13
1527 13
1528 13
1529 13
1530 13
1531 13
1532 13
1533 13
1534 13
1535 13
1536 13
1537 13
1538 13
1539 13
1540 13
1541 13
1542 13
1543 13
1544 13
1545 13
1546 13
1547 13
1548 13
1549 13
1550 13
1551 13
1552 13
1553 13
1554 13
1555 13
1556 13
1557 13
1558 13
1559 13
1560 13
1561 13
1562 13
1563 13
1564 13
1565 13
1566 13
1567 13
1568 13
1569 13
1570 13
1571 13
1572 13
1573 13
1574 13
1575 13
1576 13
1577 13
1578 13
1579 13
1580 13
1581 13
1582 13
1583 13
1584 13
1585 13
1586 13
1587 13
1588 13
1589 13
1590 13
1591 13
1592 13
1593 13
1594 13
1595 13
1596 13
1597 13
1598 13
1599 13
1600 13
1601 13
1602 13
1603 13
1604 13
1605 13
1606 13
1607 13
1608 13
1609 13
1610 13
1611 13
1612 13
1613 13
1614 13
1615 13
1616 13
1617 13
1618 13
1619 13
1620 13
1621 13
1622 13
1623 13
1624 13
1625 13
1626 13
1627 13
1628 13
1629 13
1630 13
1631 13
1632 13
1633 13
1634 13
1635 13
1636 13
1637 13
1638 13
1639 13
1640 13
1641 13
1642 13
1643 13
1644 13
1645 13
1646 13
1647 13
1648 13
1649 13
1650 13
1651 13
1652 13
1653 13
1654 13
1655 13
1656 13
1657 13
1658 13
1659 13
1660 13
1661 13
1662 13
1663 13
1664 13
1665 13
1666 13
1667 13
1668 13
1669 13
1670 13
1671 13
1672 13
1673 13
1674 13
1675 13
1676 13
1677 13
1678 13
1679 13
1680 13
1681 13
1682 13
1683 13
1684 13
1685 13
1686 13
1687 13
1688 13
1689 13
1690 13
1691 13
1692 13
1693 13
1694 13
1695 13
1696 13
1697 13
1698 13
1699 13
1700 13
1701 13
1702 13
1703 13
1704 13
1705 13
1706 13
1707 13
1708 13
1709 13
1710 13
1711 13
1712 13
1713 13
1714 13
1715 13
1716 13
1717 13
1718 13
1719 13
1720 13
1721 13
1722 13
1723 13
1724 13
1725 13
1726 13
1727 13
1728 13
1729 13
1730 13
1731 13
1732 13
1733 13
1734 13
1735 13
1736 13
1737 13
1738 13
1739 13
1740 13
1741 13
1742 13
1743 13
1744 13
1745 13
1746 13
1747 13
1748 13
1749 13
1750 13
1751 13
1752 13
1753 13
1754 13
1755 13
1756 13
1757 13
1758 13
1759 13
1760 13
1761 13
1762 13
1763 13
1764 13
1765 13
1766 13
1767 13
1768 13
1769 13
1770 13
1771 13
1772 13
1773 13
1774 13
1775 13
1776 13
1777 13
1778 13
1779 13
1780 13
1781 13
1782 13
1783 13
1784 13
1785 13
1786 13
1787 13
1788 13
1789 13
1790 13
1791 13
1792 13
1793 13
1794 13
1795 13
1796 13
1797 13
1798 13
1799 13
1800 13
1801 13
1802 13
1803 13
1804 13
1805 13
1806 13
1807 13
1808 13
1809 13
1810 13
1811 13
1812 13
1813 13
1814 13
1815 13
1816 13
1817 13
1818 13
1819 13
1820 13
1821 13
1822 13
1823 13
1824 13
1825 13
1826 13
1827 13
1828 13
1829 13
1830 13
1831 13
1832 13
1833 13
1834 13
1835 13
1836 13
1837 13
1838 13
1839 13
1840 13
1841 13
1842 13
1843 13
1844 13
1845 13
1846 13
1847 13
1848 13
1849 13
1850 13
1851 13
1852 13
1853 13
1854 13
1855 13
1856 13
1857 13
1858 13
1859 13
1860 13
1861 13
1862 13
1863 13
1864 13
1865 13
1866 13
1867 13
1868 13
1869 13
1870 13
1871 13
1872 13
1873 13
1874 13
1875 13
1876 13
1877 13
1878 13
1879 13
1880 13
1881 13
1882 13
1883 13
1884 13
1885 13
1886 13
1887 13
1888 13
1889 13
1890 13
1891 13
1892 13
1893 13
1894 13
1895 13
1896 13
1897 13
1898 13
1899 13
1900 13
1901 13
1902 13
1903 13
1904 13
1905 13
1906 13
1907 13
1908 13
1909 13
1910 13
1911 13
1912 13
1913 13
1914 13
1915 13
1916 13
1917 13
1918 13
1919 13
1920 13
1921 13
1922 13
1923 13
1924 13
1925 13
1926 13
1927 13
1928 13
1929 13
1930 13
1931 13
1932 13
1933 13
1934 13
1935 13
1936 13
1937 13
1938 13
1939 13
1940 13
1941 13
1942 13
1943 13
1944 13
1945 13
1946 13
1947 13
1948 13
1949 13
1950 13
1951 13
1952 13
1953 13
1954 13
1955 13
1956 13
1957 13
1958 13
1959 13
1960 13
1961 13
1962 13
1963 13
1964 13
1965 13
1966 13
1967 13
1968 13
1969 13
1970 13
1971 13
1972 13
1973 13
1974 13
1975 13
1976 13
1977 13
1978 13
1979 13
1980 13
1981 13
1982 13
1983 13
1984 13
1985 13
1986 13
1987 13
1988 13
1989 13
1990 13
1991 13
1992 13
1993 13
1994 13
1995 13
1996 13
1997 13
1998 13
1999 13
2000 13
2001 13
2002 13
2003 13
2004 13
2005 13
2006 13
2007 13
2008 13
2009 13
2010 13
2011 13
2012 13
2013 13
2014 13
2015 13
2016 13
2017 13
2018 13
2019 13
2020 13
2021 13
2022 13
2023 13
2024 13
2025 13
2026 13
2027 13
2028 13
2029 13
2030 13
2031 13
2032 13
2033 13
2034 13
2035 13
2036 13
2037 13
2038 13
2039 13
2040 13
2041 13
2042 13
2043 13
2044 13
2045 13
2046 13
2047 13
2048 13
2049 13
2050 13
2051 13
2052 13
2053 13
2054 13
2055 13
2056 13
2057 13
2058 13
2059 13
2060 13
2061 13
2062 13
2063 13
2064 13
2065 13
2066 13
2067 13
2068 13
2069 13
2070 13
2071 13
2072 13
2073 13
2074 13
2075 13
2076 13
2077 13
2078 13
2079 13
2080 13
2081 13
2082 13
2083 13
2084 13
2085 13
2086 13
2087 13
2088 13
2089 13
2090 13
2091 13
2092 13
2093 14
2094 14
2095 14
2096 14
2097 14
2098 14
2099 14
2100 14
2101 14
2102 14
2103 14
2104 14
2105 14
2106 14
2107 14
2108 14
2109 14
2110 14
2111 14
2112 14
2113 14
2114 14
2115 14
2116 14
2117 14
2118 14
2119 14
2120 14
2121 14
2122 14
2123 14
2124 14
2125 14
2126 14
2127 14
2128 14
2129 14
2130 14
2131 14
2132 14
2133 14
2134 14
2135 14
2136 14
2137 14
2138 14
2139 14
2140 14
2141 14
2142 14
2143 14
2144 14
2145 14
2146 14
2147 14
2148 14
2149 14
2150 14
2151 14
2152 14
2153 14
2154 14
2155 14
2156 14
2157 14
2158 14
2159 14
2160 14
2161 14
2162 14
2163 14
2164 14
2165 14
2166 14
2167 14
2168 14
2169 14
2170 14
2171 14
2172 14
2173 14
2174 14
2175 14
2176 14
2177 14
2178 14
2179 14
2180 14
2181 14
2182 14
2183 14
2184 14
2185 14
2186 14
2187 14
2188 14
2189 14
2190 14
2191 14
2192 14
2193 14
2194 14
2195 14
2196 14
2197 14
2198 14
2199 14
2200 14
2201 14
2202 14
2203 14
2204 14
2205 14
2206 14
2207 14
2208 14
2209 14
2210 14
2211 14
2212 14
2213 14
2214 14
2215 14
2216 14
2217 14
2218 14
2219 14
2220 14
2221 14
2222 14
2223 14
2224 14
2225 14
2226 14
2227 14
2228 14
2229 14
2230 14
2231 14
2232 14
2233 14
2234 14
2235 14
2236 14
2237 14
2238 14
2239 14
2240 14
2241 14
2242 14
2243 14
2244 14
2245 14
2246 14
2247 14
2248 14
2249 14
2250 14
2251 14
2252 14
2253 14
2254 14
2255 14
2256 14
2257 14
2258 14
2259 14
2260 14
2261 14
2262 14
2263 14
2264 14
2265 14
2266 14
2267 14
2268 14
2269 14
2270 14
2271 14
2272 14
2273 14
2274 14
2275 14
2276 14
2277 14
2278 14
2279 14
2280 14
2281 14
2282 14
2283 14
2284 14
2285 14
2286 14
2287 14
2288 14
2289 14
2290 14
2291 14
2292 14
2293 14
2294 14
2295 14
2296 14
2297 14
2298 14
2299 14
2300 14
2301 14
2302 14
2303 14
2304 14
2305 14
2306 14
2307 14
2308 14
2309 14
2310 14
2311 14
2312 14
2313 14
2314 14
2315 14
2316 14
2317 14
2318 14
2319 14
2320 14
2321 14
2322 14
2323 14
2324 14
2325 14
2326 14
2327 14
2328 14
2329 14
2330 14
2331 14
2332 14
2333 14
2334 14
2335 14
2336 14
2337 14
2338 14
2339 14
2340 14
2341 14
2342 14
2343 14
2344 14
2345 14
2346 14
2347 14
2348 14
2349 14
2350 14
2351 14
2352 14
2353 14
2354 14
2355 14
2356 14
2357 14
2358 14
2359 14
2360 14
2361 14
2362 14
2363 14
2364 14
2365 14
2366 14
2367 14
2368 14
2369 14
2370 14
2371 14
2372 14
2373 14
2374 14
2375 14
2376 14
2377 14
2378 14
2379 14
2380 14
2381 14
2382 14
2383 14
2384 14
2385 14
2386 14
2387 14
2388 14
2389 14
2390 14
2391 14
2392 14
2393 14
2394 14
2395 14
2396 14
2397 14
2398 14
2399 14
2400 14
2401 14
2402 14
2403 14
2404 14
2405 14
2406 14
2407 14
2408 14
2409 14
2410 14
2411 14
2412 14
2413 14
2414 14
2415 14
2416 14
2417 14
2418 14
2419 14
2420 14
2421 14
2422 14
2423 14
2424 14
2425 14
2426 14
2427 14
2428 14
2429 14
2430 14
2431 14
2432 14
2433 14
2434 14
2435 14
2436 14
2437 14
2438 14
2439 14
2440 14
2441 14
2442 14
2443 14
2444 14
2445 14
2446 14
2447 14
2448 14
2449 14
2450 14
2451 14
2452 14
2453 14
2454 14
2455 14
2456 14
2457 14
2458 14
2459 14
2460 14
2461 14
2462 14
2463 14
2464 14
2465 14
2466 14
2467 14
2468 14
2469 14
2470 14
2471 14
2472 14
2473 14
2474 14
2475 14
2476 14
2477 14
2478 14
2479 14
2480 14
2481 14
2482 14
2483 14
2484 14
2485 14
2486 14
2487 14
2488 14
2489 14
2490 14
2491 14
2492 14
2493 14
2494 14
2495 14
2496 14
2497 14
2498 14
2499 14
2500 14
2501 14
2502 14
2503 14
2504 14
2505 14
2506 14
2507 14
2508 14
2509 14
2510 14
2511 14
2512 14
2513 14
2514 14
2515 14
2516 14
2517 14
2518 14
2519 14
2520 14
2521 14
2522 14
2523 14
2524 14
2525 14
2526 14
2527 14
2528 14
2529 14
2530 14
2531 14
2532 14
2533 14
2534 14
2535 14
2536 14
2537 14
2538 14
2539 14
2540 14
2541 14
2542 14
2543 14
2544 14
2545 14
2546 14
2547 14
2548 14
2549 14
2550 14
2551 14
2552 14
2553 14
2554 14
2555 14
2556 14
2557 14
2558 14
2559 14
2560 14
2561 14
2562 14
2563 14
2564 14
2565 14
2566 14
2567 14
2568 14
2569 14
2570 14
2571 14
2572 14
2573 14
2574 14
2575 14
2576 14
2577 14
2578 14
2579 14
2580 14
2581 14
2582 14
2583 14
2584 14
2585 14
2586 14
2587 14
2588 14
2589 14
2590 14
2591 14
2592 14
2593 14
2594 14
2595 14
2596 14
2597 14
2598 14
2599 14
2600 14
2601 14
2602 14
2603 14
2604 14
2605 14
2606 14
2607 14
2608 14
2609 14
2610 14
2611 14
2612 14
2613 14
2614 14
2615 14
2616 14
2617 14
2618 14
2619 14
2620 14
2621 14
2622 14
2623 14
2624 14
2625 14
2626 14
2627 14
2628 14
2629 14
2630 14
2631 14
2632 14
2633 14
2634 14
2635 14
2636 14
2637 14
2638 14
2639 14
2640 14
2641 14
2642 14
2643 14
2644 14
2645 14
2646 14
2647 14
2648 14
2649 14
2650 14
2651 14
2652 14
2653 14
2654 14
2655 14
2656 14
2657 14
2658 14
2659 14
2660 14
2661 14
2662 14
2663 14
2664 14
2665 14
2666 14
2667 14
2668 14
2669 14
2670 14
2671 14
2672 14
2673 14
2674 14
2675 14
2676 14
2677 14
2678 14
2679 14
2680 14
2681 14
2682 14
2683 14
2684 14
2685 14
2686 14
2687 14
2688 14
2689 14
2690 14
2691 14
2692 14
2693 14
2694 14
2695 14
2696 14
2697 14
2698 14
2699 14
2700 14
2701 14
2702 14
2703 14
2704 14
2705 14
2706 14
2707 14
2708 14
2709 14
2710 14
2711 14
2712 14
2713 14
2714 14
2715 14
2716 14
2717 14
2718 14
2719 14
2720 14
